,550,600,650,700,750,800,850,900,950,1000,1050,1100,1150,1200,1250,1300,1350,1400,1450,1500,1550,1600,1650,1700,1750,1800,1850,1900,1950,2000,2050,2100,2150,2200,2250,2300,2350,2400,2450,2500,2550,2600,2650,2700,2750,2800,2850,2900,2950,3000,3050,3100,3150,3200,3250,3300,3350,3400,3450,3500,3550,3600,3650,3700,3750,3800,3850,3900,3950,4000,4050,4100,4150,4200,4250,4300,4350,4400,4450,4500,4550,4600,4650,4700,4750,4800,4850,4900,4950,5000,5050,5100,5150,5200,5250,5300,5350,5400,5450,5500,5550,5600,5650,5700,5750,5800,5850,5900,5950,6000,6050,6100,6150,6200,6250,6300,6350,6400,6450,6500,6550,6600,6650,6700,6750,6800,6850,6900,6950,7000,7050,7100,7150,7200,7250,7300,7350,7400,7450,7500,7550,7600,7650,7700,7750,7800,7850,7900,7950,8000
350,0,0,0,0,0,0,0,0,0,0,0,0,0,0,0,0,0,0,0,0,0,0,0,0,0,0,0,0,0,0,0,0,0,0,0,0,0,0,0,0,0,0,0,0,0,0,0,0,0,0,0,0,0,0,0,0,0,0,0,0,0,0,0,0,0,0,0,0,0,0,0,0,0,0,0,0,0,0,0,0,0,0,0,0,0,0,0,0,0,0,0,0,0,0,0,0,0,0,0,0,0,0,0,0,0,0,0,0,0,0,0,0,0,0,0,0,0,0,0,0,0,0,0,0,0,0,0,0,0,0,0,0,0,0,0,0,0,0,0,0,0,0,0,0,0,0,0,0,0,0
400,0,0,0,0,0,0,0,0,0,0,0,0,0,0,0,0,0,0,0,0,0,0,0,0,0,0,0,0,0,0,0,0,0,0,0,0,0,0,0,0,0,0,0,0,0,0,0,0,0,0,0,0,0,0,0,0,0,0,0,0,0,0,0,0,0,0,0,0,0,0,0,0,0,0,0,0,0,0,0,0,0,0,0,0,0,0,0,0,0,0,0,0,0,0,0,0,0,0,0,0,0,0,0,0,0,0,0,0,0,0,0,0,0,0,0,0,0,0,0,0,0,0,0,0,0,0,0,0,0,0,0,0,0,0,0,0,0,0,0,0,0,0,0,0,0,0,0,0,0,0
450,0,0,0,0,0,0,0,0,0,0,0,0,0,0,0,0,0,0,0,0,0,0,0,0,0,0,0,0,0,0,0,0,0,0,0,0,0,0,0,0,0,0,0,0,0,0,0,0,0,0,0,0,0,0,0,0,0,0,0,0,0,0,0,0,0,0,0,0,0,0,0,0,0,0,0,0,0,0,0,0,0,0,0,0,0,0,0,0,0,0,0,0,0,0,0,0,0,0,0,0,0,0,0,0,0,0,0,0,0,0,0,0,0,0,0,0,0,0,0,0,0,0,0,0,0,0,0,0,0,0,0,0,0,0,0,0,0,0,0,0,0,0,0,0,0,0,0,0,0,0
500,0,0,0,0,0,0,0,0,0,0,0,0,0,0,0,0,0,0,0,0,0,0,0,0,0,0,0,0,0,0,0,0,0,0,0,0,0,0,0,0,0,0,0,0,0,0,0,0,0,0,0,0,0,0,0,0,0,0,0,0,0,0,0,0,0,0,0,0,0,0,0,0,0,0,0,0,0,0,0,0,0,0,0,0,0,0,0,0,0,0,0,0,0,0,0,0,0,0,0,0,0,0,0,0,0,0,0,0,0,0,0,0,0,0,0,0,0,0,0,0,0,0,0,0,0,0,0,0,0,0,0,0,0,0,0,0,0,0,0,0,0,0,0,0,0,0,0,0,0,0
550,0,0,0,0,0,0,0,0,0,0,0,0,0,0,0,0,0,0,0,0,0,0,0,0,0,0,0,0,0,0,0,0,0,0,0,0,0,0,0,0,0,0,0,0,0,0,0,0,0,0,0,0,0,0,0,0,0,0,0,0,0,0,0,0,0,0,0,0,0,0,0,0,0,0,0,0,0,0,0,0,0,0,0,0,0,0,0,0,0,0,0,0,0,0,0,0,0,0,0,0,0,0,0,0,0,0,0,0,0,0,0,0,0,0,0,0,0,0,0,0,0,0,0,0,0,0,0,0,0,0,0,0,0,0,0,0,0,0,0,0,0,0,0,0,0,0,0,0,0,0
600,0,0,0,0,0,0,0,0,0,0,0,0,0,0,0,0,0,0,0,0,0,0,0,0,0,0,0,0,0,0,0,0,0,0,0,0,0,0,0,0,0,0,0,0,0,0,0,0,0,0,0,0,0,0,0,0,0,0,0,0,0,0,0,0,0,0,0,0,0,0,0,0,0,0,0,0,0,0,0,0,0,0,0,0,0,0,0,0,0,0,0,0,0,0,0,0,0,0,0,0,0,0,0,0,0,0,0,0,0,0,0,0,0,0,0,0,0,0,0,0,0,0,0,0,0,0,0,0,0,0,0,0,0,0,0,0,0,0,0,0,0,0,0,0,0,0,0,0,0,0
650,0,0,0,0,0,0,0,0,0,0,0,0,0,0,0,0,0,0,0,0,0,0,0,0,0,0,0,0,0,0,0,0,0,0,0,0,0,0,0,0,0,0,0,0,0,0,0,0,0,0,0,0,0,0,0,0,0,0,0,0,0,0,0,0,0,0,0,0,0,0,0,0,0,0,0,0,0,0,0,0,0,0,0,0,0,0,0,0,0,0,0,0,0,0,0,0,0,0,0,0,0,0,0,0,0,0,0,0,0,0,0,0,0,0,0,0,0,0,0,0,0,0,0,0,0,0,0,0,0,0,0,0,0,0,0,0,0,0,0,0,0,0,0,0,0,0,0,0,0,0
700,0,0,0,0,0,0,0,0,0,0,0,0,0,0,0,0,0,0,0,0,0,0,0,0,0,0,0,0,0,0,0,0,0,0,0,0,0,0,0,0,0,0,0,0,0,0,0,0,0,0,0,0,0,0,0,0,0,0,0,0,0,0,0,0,0,0,0,0,0,0,0,0,0,0,0,0,0,0,2.02475,2.0475,2.07025,2.093,2.11575,2.1385,2.16125,2.184,2.20675,2.2295,0,0,0,0,0,0,0,0,0,0,0,0,0,0,0,0,0,0,0,0,0,0,0,0,0,0,0,0,0,0,0,0,0,0,0,0,0,0,0,0,0,0,0,0,0,0,0,0,0,0,0,0,0,0,0,0,0,0,0,0,0,0
750,0,0,0,0,0,0,0,0,0,0,0,0,0,0,0,0,0,0,0,0,0,0,0,0,0,0,0,0,0,0,0,0,0,0,0,0,0,0,0,0,0,0,0,0,0,0,0,0,0,0,0,0,0,0,0,0,0,0,0,0,0,0,0,0,0,0,0,0,0,0,0,0,0,2.0475,2.071875,2.09625,2.120625,2.145,2.169375,2.19375,2.218125,2.2425,2.266875,2.29125,2.315625,2.34,2.364375,2.38875,2.413125,2.4375,2.461875,2.48625,2.510625,2.535,2.559375,0,0,0,0,0,0,0,0,0,0,0,0,0,0,0,0,0,0,0,0,0,0,0,0,0,0,0,0,0,0,0,0,0,0,0,0,0,0,0,0,0,0,0,0,0,0,0,0,0,0,0,0,0,0,0
800,0,0,0,0,0,0,0,0,0,0,0,0,0,0,0,0,0,0,0,0,0,0,0,0,0,0,0,0,0,0,0,0,0,0,0,0,0,0,0,0,0,0,0,0,0,0,0,0,0,0,0,0,0,0,0,0,0,0,0,0,0,0,0,0,0,0,0,0,2.054,2.08,2.106,2.132,2.158,2.184,2.21,2.236,2.262,2.288,2.314,2.34,2.366,2.392,2.418,2.444,2.47,2.496,2.522,2.548,2.574,2.6,2.626,2.652,2.678,2.704,2.73,2.756,2.782,2.808,2.834,2.86,2.886,2.912,0,0,0,0,0,0,0,0,0,0,0,0,0,0,0,0,0,0,0,0,0,0,0,0,0,0,0,0,0,0,0,0,0,0,0,0,0,0,0,0,0,0,0,0,0,0,0,0
850,0,0,0,0,0,0,0,0,0,0,0,0,0,0,0,0,0,0,0,0,0,0,0,0,0,0,0,0,0,0,0,0,0,0,0,0,0,0,0,0,0,0,0,0,0,0,0,0,0,0,0,0,0,0,0,0,0,0,0,0,0,0,0,0,2.071875,2.0995,2.127125,2.15475,2.182375,2.21,2.237625,2.26525,2.292875,2.3205,2.348125,2.37575,2.403375,2.431,2.458625,2.48625,2.513875,2.5415,2.569125,2.59675,2.624375,2.652,2.679625,2.70725,2.734875,2.7625,2.790125,2.81775,2.845375,2.873,2.900625,2.92825,2.955875,2.9835,3.011125,3.03875,3.066375,3.094,3.121625,3.14925,3.176875,3.2045,3.232125,3.25975,3.287375,0,0,0,0,0,0,0,0,0,0,0,0,0,0,0,0,0,0,0,0,0,0,0,0,0,0,0,0,0,0,0,0,0,0,0,0,0,0,0,0,0
900,0,0,0,0,0,0,0,0,0,0,0,0,0,0,0,0,0,0,0,0,0,0,0,0,0,0,0,0,0,0,0,0,0,0,0,0,0,0,0,0,0,0,0,0,0,0,0,0,0,0,0,0,0,0,0,0,0,0,0,0,0,2.106,2.13525,2.1645,2.19375,2.223,2.25225,2.2815,2.31075,2.34,2.36925,2.3985,2.42775,2.457,2.48625,2.5155,2.54475,2.574,2.60325,2.6325,2.66175,2.691,2.72025,2.7495,2.77875,2.808,2.83725,2.8665,2.89575,2.925,2.95425,2.9835,3.01275,3.042,3.07125,3.1005,3.12975,3.159,3.18825,3.2175,3.24675,3.276,3.30525,3.3345,3.36375,3.393,3.42225,3.4515,3.48075,3.51,3.53925,3.5685,3.59775,3.627,3.65625,3.6855,0,0,0,0,0,0,0,0,0,0,0,0,0,0,0,0,0,0,0,0,0,0,0,0,0,0,0,0,0,0,0,0,0,0
950,0,0,0,0,0,0,0,0,0,0,0,0,0,0,0,0,0,0,0,0,0,0,0,0,0,0,0,0,0,0,0,0,0,0,0,0,0,0,0,0,0,0,0,0,0,0,0,0,0,0,0,0,0,0,0,0,0,0,2.130375,2.16125,2.192125,2.223,2.253875,2.28475,2.315625,2.3465,2.377375,2.40825,2.439125,2.47,2.500875,2.53175,2.562625,2.5935,2.624375,2.65525,2.686125,2.717,2.747875,2.77875,2.809625,2.8405,2.871375,2.90225,2.933125,2.964,2.994875,3.02575,3.056625,3.0875,3.118375,3.14925,3.180125,3.211,3.241875,3.27275,3.303625,3.3345,3.365375,3.39625,3.427125,3.458,3.488875,3.51975,3.550625,3.5815,3.612375,3.64325,3.674125,3.705,3.735875,3.76675,3.797625,3.8285,3.859375,3.89025,3.921125,3.952,3.982875,4.01375,4.044625,4.0755,4.106375,0,0,0,0,0,0,0,0,0,0,0,0,0,0,0,0,0,0,0,0,0,0,0,0,0,0,0
1000,0,0,0,0,0,0,0,0,0,0,0,0,0,0,0,0,0,0,0,0,0,0,0,0,0,0,0,0,0,0,0,0,0,0,0,0,0,0,0,0,0,0,0,0,0,0,0,0,0,0,0,0,0,0,0,2.145,2.1775,2.21,2.2425,2.275,2.3075,2.34,2.3725,2.405,2.4375,2.47,2.5025,2.535,2.5675,2.6,2.6325,2.665,2.6975,2.73,2.7625,2.795,2.8275,2.86,2.8925,2.925,2.9575,2.99,3.0225,3.055,3.0875,3.12,3.1525,3.185,3.2175,3.25,3.2825,3.315,3.3475,3.38,3.4125,3.445,3.4775,3.51,3.5425,3.575,3.6075,3.64,3.6725,3.705,3.7375,3.77,3.8025,3.835,3.8675,3.9,3.9325,3.965,3.9975,4.03,4.0625,4.095,4.1275,4.16,4.1925,4.225,4.2575,4.29,4.3225,4.355,4.3875,4.42,4.4525,4.485,4.5175,4.55,0,0,0,0,0,0,0,0,0,0,0,0,0,0,0,0,0,0,0,0
1050,0,0,0,0,0,0,0,0,0,0,0,0,0,0,0,0,0,0,0,0,0,0,0,0,0,0,0,0,0,0,0,0,0,0,0,0,0,0,0,0,0,0,0,0,0,0,0,0,0,0,0,0,2.149875,2.184,2.218125,2.25225,2.286375,2.3205,2.354625,2.38875,2.422875,2.457,2.491125,2.52525,2.559375,2.5935,2.627625,2.66175,2.695875,2.73,2.764125,2.79825,2.832375,2.8665,2.900625,2.93475,2.968875,3.003,3.037125,3.07125,3.105375,3.1395,3.173625,3.20775,3.241875,3.276,3.310125,3.34425,3.378375,3.4125,3.446625,3.48075,3.514875,3.549,3.583125,3.61725,3.651375,3.6855,3.719625,3.75375,3.787875,3.822,3.856125,3.89025,3.924375,3.9585,3.992625,4.02675,4.060875,4.095,4.129125,4.16325,4.197375,4.2315,4.265625,4.29975,4.333875,4.368,4.402125,4.43625,4.470375,4.5045,4.538625,4.57275,4.606875,4.641,4.675125,4.70925,4.743375,4.7775,4.811625,4.84575,4.879875,4.914,4.948125,4.98225,5.016375,0,0,0,0,0,0,0,0,0,0,0,0,0
1100,0,0,0,0,0,0,0,0,0,0,0,0,0,0,0,0,0,0,0,0,0,0,0,0,0,0,0,0,0,0,0,0,0,0,0,0,0,0,0,0,0,0,0,0,0,0,0,0,0,0,2.18075,2.2165,2.25225,2.288,2.32375,2.3595,2.39525,2.431,2.46675,2.5025,2.53825,2.574,2.60975,2.6455,2.68125,2.717,2.75275,2.7885,2.82425,2.86,2.89575,2.9315,2.96725,3.003,3.03875,3.0745,3.11025,3.146,3.18175,3.2175,3.25325,3.289,3.32475,3.3605,3.39625,3.432,3.46775,3.5035,3.53925,3.575,3.61075,3.6465,3.68225,3.718,3.75375,3.7895,3.82525,3.861,3.89675,3.9325,3.96825,4.004,4.03975,4.0755,4.11125,4.147,4.18275,4.2185,4.25425,4.29,4.32575,4.3615,4.39725,4.433,4.46875,4.5045,4.54025,4.576,4.61175,4.6475,4.68325,4.719,4.75475,4.7905,4.82625,4.862,4.89775,4.9335,4.96925,5.005,5.04075,5.0765,5.11225,5.148,5.18375,5.2195,5.25525,5.291,5.32675,5.3625,5.39825,5.434,5.46975,5.5055,0,0,0,0,0,0
1150,0,0,0,0,0,0,0,0,0,0,0,0,0,0,0,0,0,0,0,0,0,0,0,0,0,0,0,0,0,0,0,0,0,0,0,0,0,0,0,0,0,0,0,0,0,0,0,2.16775,2.205125,2.2425,2.279875,2.31725,2.354625,2.392,2.429375,2.46675,2.504125,2.5415,2.578875,2.61625,2.653625,2.691,2.728375,2.76575,2.803125,2.8405,2.877875,2.91525,2.952625,2.99,3.027375,3.06475,3.102125,3.1395,3.176875,3.21425,3.251625,3.289,3.326375,3.36375,3.401125,3.4385,3.475875,3.51325,3.550625,3.588,3.625375,3.66275,3.700125,3.7375,3.774875,3.81225,3.849625,3.887,3.924375,3.96175,3.999125,4.0365,4.073875,4.11125,4.148625,4.186,4.223375,4.26075,4.298125,4.3355,4.372875,4.41025,4.447625,4.485,4.522375,4.55975,4.597125,4.6345,4.671875,4.70925,4.746625,4.784,4.821375,4.85875,4.896125,4.9335,4.970875,5.00825,5.045625,5.083,5.120375,5.15775,5.195125,5.2325,5.269875,5.30725,5.344625,5.382,5.419375,5.45675,5.494125,5.5315,5.568875,5.60625,5.643625,5.681,5.718375,5.75575,5.793125,5.8305,5.867875,5.90525,5.942625,5.98
1200,0,0,0,0,0,0,0,0,0,0,0,0,0,0,0,0,0,0,0,0,0,0,0,0,0,0,0,0,0,0,0,0,0,0,0,0,0,0,0,0,0,0,0,0,0,2.184,2.223,2.262,2.301,2.34,2.379,2.418,2.457,2.496,2.535,2.574,2.613,2.652,2.691,2.73,2.769,2.808,2.847,2.886,2.925,2.964,3.003,3.042,3.081,3.12,3.159,3.198,3.237,3.276,3.315,3.354,3.393,3.432,3.471,3.51,3.549,3.588,3.627,3.666,3.705,3.744,3.783,3.822,3.861,3.9,3.939,3.978,4.017,4.056,4.095,4.134,4.173,4.212,4.251,4.29,4.329,4.368,4.407,4.446,4.485,4.524,4.563,4.602,4.641,4.68,4.719,4.758,4.797,4.836,4.875,4.914,4.953,4.992,5.031,5.07,5.109,5.148,5.187,5.226,5.265,5.304,5.343,5.382,5.421,5.46,5.499,5.538,5.577,5.616,5.655,5.694,5.733,5.772,5.811,5.85,5.889,5.928,5.967,6.006,6.045,6.084,6.123,6.162,6.201,6.24
1250,0,0,0,0,0,0,0,0,0,0,0,0,0,0,0,0,0,0,0,0,0,0,0,0,0,0,0,0,0,0,0,0,0,0,0,0,0,0,0,0,0,0,0,0,2.234375,2.275,2.315625,2.35625,2.396875,2.4375,2.478125,2.51875,2.559375,2.6,2.640625,2.68125,2.721875,2.7625,2.803125,2.84375,2.884375,2.925,2.965625,3.00625,3.046875,3.0875,3.128125,3.16875,3.209375,3.25,3.290625,3.33125,3.371875,3.4125,3.453125,3.49375,3.534375,3.575,3.615625,3.65625,3.696875,3.7375,3.778125,3.81875,3.859375,3.9,3.940625,3.98125,4.021875,4.0625,4.103125,4.14375,4.184375,4.225,4.265625,4.30625,4.346875,4.3875,4.428125,4.46875,4.509375,4.55,4.590625,4.63125,4.671875,4.7125,4.753125,4.79375,4.834375,4.875,4.915625,4.95625,4.996875,5.0375,5.078125,5.11875,5.159375,5.2,5.240625,5.28125,5.321875,5.3625,5.403125,5.44375,5.484375,5.525,5.565625,5.60625,5.646875,5.6875,5.728125,5.76875,5.809375,5.85,5.890625,5.93125,5.971875,6.0125,6.053125,6.09375,6.134375,6.175,6.215625,6.25625,6.296875,6.3375,6.378125,6.41875,6.459375,6.5
1300,0,0,0,0,0,0,0,0,0,0,0,0,0,0,0,0,0,0,0,0,0,0,0,0,0,0,0,0,0,0,0,0,0,0,0,0,0,0,0,0,0,0,2.23925,2.2815,2.32375,2.366,2.40825,2.4505,2.49275,2.535,2.57725,2.6195,2.66175,2.704,2.74625,2.7885,2.83075,2.873,2.91525,2.9575,2.99975,3.042,3.08425,3.1265,3.16875,3.211,3.25325,3.2955,3.33775,3.38,3.42225,3.4645,3.50675,3.549,3.59125,3.6335,3.67575,3.718,3.76025,3.8025,3.84475,3.887,3.92925,3.9715,4.01375,4.056,4.09825,4.1405,4.18275,4.225,4.26725,4.3095,4.35175,4.394,4.43625,4.4785,4.52075,4.563,4.60525,4.6475,4.68975,4.732,4.77425,4.8165,4.85875,4.901,4.94325,4.9855,5.02775,5.07,5.11225,5.1545,5.19675,5.239,5.28125,5.3235,5.36575,5.408,5.45025,5.4925,5.53475,5.577,5.61925,5.6615,5.70375,5.746,5.78825,5.8305,5.87275,5.915,5.95725,5.9995,6.04175,6.084,6.12625,6.1685,6.21075,6.253,6.29525,6.3375,6.37975,6.422,6.46425,6.5065,6.54875,6.591,6.63325,6.6755,6.71775,6.76
1350,0,0,0,0,0,0,0,0,0,0,0,0,0,0,0,0,0,0,0,0,0,0,0,0,0,0,0,0,0,0,0,0,0,0,0,0,0,0,0,0,2.237625,2.2815,2.325375,2.36925,2.413125,2.457,2.500875,2.54475,2.588625,2.6325,2.676375,2.72025,2.764125,2.808,2.851875,2.89575,2.939625,2.9835,3.027375,3.07125,3.115125,3.159,3.202875,3.24675,3.290625,3.3345,3.378375,3.42225,3.466125,3.51,3.553875,3.59775,3.641625,3.6855,3.729375,3.77325,3.817125,3.861,3.904875,3.94875,3.992625,4.0365,4.080375,4.12425,4.168125,4.212,4.255875,4.29975,4.343625,4.3875,4.431375,4.47525,4.519125,4.563,4.606875,4.65075,4.694625,4.7385,4.782375,4.82625,4.870125,4.914,4.957875,5.00175,5.045625,5.0895,5.133375,5.17725,5.221125,5.265,5.308875,5.35275,5.396625,5.4405,5.484375,5.52825,5.572125,5.616,5.659875,5.70375,5.747625,5.7915,5.835375,5.87925,5.923125,5.967,6.010875,6.05475,6.098625,6.1425,6.186375,6.23025,6.274125,6.318,6.361875,6.40575,6.449625,6.4935,6.537375,6.58125,6.625125,6.669,6.712875,6.75675,6.800625,6.8445,6.888375,6.93225,6.976125,7.02
1400,0,0,0,0,0,0,0,0,0,0,0,0,0,0,0,0,0,0,0,0,0,0,0,0,0,0,0,0,0,0,0,0,0,0,0,0,0,0,0,2.275,2.3205,2.366,2.4115,2.457,2.5025,2.548,2.5935,2.639,2.6845,2.73,2.7755,2.821,2.8665,2.912,2.9575,3.003,3.0485,3.094,3.1395,3.185,3.2305,3.276,3.3215,3.367,3.4125,3.458,3.5035,3.549,3.5945,3.64,3.6855,3.731,3.7765,3.822,3.8675,3.913,3.9585,4.004,4.0495,4.095,4.1405,4.186,4.2315,4.277,4.3225,4.368,4.4135,4.459,4.5045,4.55,4.5955,4.641,4.6865,4.732,4.7775,4.823,4.8685,4.914,4.9595,5.005,5.0505,5.096,5.1415,5.187,5.2325,5.278,5.3235,5.369,5.4145,5.46,5.5055,5.551,5.5965,5.642,5.6875,5.733,5.7785,5.824,5.8695,5.915,5.9605,6.006,6.0515,6.097,6.1425,6.188,6.2335,6.279,6.3245,6.37,6.4155,6.461,6.5065,6.552,6.5975,6.643,6.6885,6.734,6.7795,6.825,6.8705,6.916,6.9615,7.007,7.0525,7.098,7.1435,7.189,7.2345,7.28
1450,0,0,0,0,0,0,0,0,0,0,0,0,0,0,0,0,0,0,0,0,0,0,0,0,0,0,0,0,0,0,0,0,0,0,0,0,0,2.262,2.309125,2.35625,2.403375,2.4505,2.497625,2.54475,2.591875,2.639,2.686125,2.73325,2.780375,2.8275,2.874625,2.92175,2.968875,3.016,3.063125,3.11025,3.157375,3.2045,3.251625,3.29875,3.345875,3.393,3.440125,3.48725,3.534375,3.5815,3.628625,3.67575,3.722875,3.77,3.817125,3.86425,3.911375,3.9585,4.005625,4.05275,4.099875,4.147,4.194125,4.24125,4.288375,4.3355,4.382625,4.42975,4.476875,4.524,4.571125,4.61825,4.665375,4.7125,4.759625,4.80675,4.853875,4.901,4.948125,4.99525,5.042375,5.0895,5.136625,5.18375,5.230875,5.278,5.325125,5.37225,5.419375,5.4665,5.513625,5.56075,5.607875,5.655,5.702125,5.74925,5.796375,5.8435,5.890625,5.93775,5.984875,6.032,6.079125,6.12625,6.173375,6.2205,6.267625,6.31475,6.361875,6.409,6.456125,6.50325,6.550375,6.5975,6.644625,6.69175,6.738875,6.786,6.833125,6.88025,6.927375,6.9745,7.021625,7.06875,7.115875,7.163,7.210125,7.25725,7.304375,7.3515,7.398625,7.44575,7.492875,7.54
1500,0,0,0,0,0,0,0,0,0,0,0,0,0,0,0,0,0,0,0,0,0,0,0,0,0,0,0,0,0,0,0,0,0,0,0,0,2.29125,2.34,2.38875,2.4375,2.48625,2.535,2.58375,2.6325,2.68125,2.73,2.77875,2.8275,2.87625,2.925,2.97375,3.0225,3.07125,3.12,3.16875,3.2175,3.26625,3.315,3.36375,3.4125,3.46125,3.51,3.55875,3.6075,3.65625,3.705,3.75375,3.8025,3.85125,3.9,3.94875,3.9975,4.04625,4.095,4.14375,4.1925,4.24125,4.29,4.33875,4.3875,4.43625,4.485,4.53375,4.5825,4.63125,4.68,4.72875,4.7775,4.82625,4.875,4.92375,4.9725,5.02125,5.07,5.11875,5.1675,5.21625,5.265,5.31375,5.3625,5.41125,5.46,5.50875,5.5575,5.60625,5.655,5.70375,5.7525,5.80125,5.85,5.89875,5.9475,5.99625,6.045,6.09375,6.1425,6.19125,6.24,6.28875,6.3375,6.38625,6.435,6.48375,6.5325,6.58125,6.63,6.67875,6.7275,6.77625,6.825,6.87375,6.9225,6.97125,7.02,7.06875,7.1175,7.16625,7.215,7.26375,7.3125,7.36125,7.41,7.45875,7.5075,7.55625,7.605,7.65375,7.7025,7.75125,7.8
1550,0,0,0,0,0,0,0,0,0,0,0,0,0,0,0,0,0,0,0,0,0,0,0,0,0,0,0,0,0,0,0,0,0,0,0,2.31725,2.367625,2.418,2.468375,2.51875,2.569125,2.6195,2.669875,2.72025,2.770625,2.821,2.871375,2.92175,2.972125,3.0225,3.072875,3.12325,3.173625,3.224,3.274375,3.32475,3.375125,3.4255,3.475875,3.52625,3.576625,3.627,3.677375,3.72775,3.778125,3.8285,3.878875,3.92925,3.979625,4.03,4.080375,4.13075,4.181125,4.2315,4.281875,4.33225,4.382625,4.433,4.483375,4.53375,4.584125,4.6345,4.684875,4.73525,4.785625,4.836,4.886375,4.93675,4.987125,5.0375,5.087875,5.13825,5.188625,5.239,5.289375,5.33975,5.390125,5.4405,5.490875,5.54125,5.591625,5.642,5.692375,5.74275,5.793125,5.8435,5.893875,5.94425,5.994625,6.045,6.095375,6.14575,6.196125,6.2465,6.296875,6.34725,6.397625,6.448,6.498375,6.54875,6.599125,6.6495,6.699875,6.75025,6.800625,6.851,6.901375,6.95175,7.002125,7.0525,7.102875,7.15325,7.203625,7.254,7.304375,7.35475,7.405125,7.4555,7.505875,7.55625,7.606625,7.657,7.707375,7.75775,7.808125,7.8585,7.908875,7.95925,8.009625,8.06
1600,0,0,0,0,0,0,0,0,0,0,0,0,0,0,0,0,0,0,0,0,0,0,0,0,0,0,0,0,0,0,0,0,0,2.288,2.34,2.392,2.444,2.496,2.548,2.6,2.652,2.704,2.756,2.808,2.86,2.912,2.964,3.016,3.068,3.12,3.172,3.224,3.276,3.328,3.38,3.432,3.484,3.536,3.588,3.64,3.692,3.744,3.796,3.848,3.9,3.952,4.004,4.056,4.108,4.16,4.212,4.264,4.316,4.368,4.42,4.472,4.524,4.576,4.628,4.68,4.732,4.784,4.836,4.888,4.94,4.992,5.044,5.096,5.148,5.2,5.252,5.304,5.356,5.408,5.46,5.512,5.564,5.616,5.668,5.72,5.772,5.824,5.876,5.928,5.98,6.032,6.084,6.136,6.188,6.24,6.292,6.344,6.396,6.448,6.5,6.552,6.604,6.656,6.708,6.76,6.812,6.864,6.916,6.968,7.02,7.072,7.124,7.176,7.228,7.28,7.332,7.384,7.436,7.488,7.54,7.592,7.644,7.696,7.748,7.8,7.852,7.904,7.956,8.008,8.06,8.112,8.164,8.216,8.268,8.32
1650,0,0,0,0,0,0,0,0,0,0,0,0,0,0,0,0,0,0,0,0,0,0,0,0,0,0,0,0,0,0,0,0,2.305875,2.3595,2.413125,2.46675,2.520375,2.574,2.627625,2.68125,2.734875,2.7885,2.842125,2.89575,2.949375,3.003,3.056625,3.11025,3.163875,3.2175,3.271125,3.32475,3.378375,3.432,3.485625,3.53925,3.592875,3.6465,3.700125,3.75375,3.807375,3.861,3.914625,3.96825,4.021875,4.0755,4.129125,4.18275,4.236375,4.29,4.343625,4.39725,4.450875,4.5045,4.558125,4.61175,4.665375,4.719,4.772625,4.82625,4.879875,4.9335,4.987125,5.04075,5.094375,5.148,5.201625,5.25525,5.308875,5.3625,5.416125,5.46975,5.523375,5.577,5.630625,5.68425,5.737875,5.7915,5.845125,5.89875,5.952375,6.006,6.059625,6.11325,6.166875,6.2205,6.274125,6.32775,6.381375,6.435,6.488625,6.54225,6.595875,6.6495,6.703125,6.75675,6.810375,6.864,6.917625,6.97125,7.024875,7.0785,7.132125,7.18575,7.239375,7.293,7.346625,7.40025,7.453875,7.5075,7.561125,7.61475,7.668375,7.722,7.775625,7.82925,7.882875,7.9365,7.990125,8.04375,8.097375,8.151,8.204625,8.25825,8.311875,8.3655,8.419125,8.47275,8.526375,8.58
1700,0,0,0,0,0,0,0,0,0,0,0,0,0,0,0,0,0,0,0,0,0,0,0,0,0,0,0,0,0,0,0,2.3205,2.37575,2.431,2.48625,2.5415,2.59675,2.652,2.70725,2.7625,2.81775,2.873,2.92825,2.9835,3.03875,3.094,3.14925,3.2045,3.25975,3.315,3.37025,3.4255,3.48075,3.536,3.59125,3.6465,3.70175,3.757,3.81225,3.8675,3.92275,3.978,4.03325,4.0885,4.14375,4.199,4.25425,4.3095,4.36475,4.42,4.47525,4.5305,4.58575,4.641,4.69625,4.7515,4.80675,4.862,4.91725,4.9725,5.02775,5.083,5.13825,5.1935,5.24875,5.304,5.35925,5.4145,5.46975,5.525,5.58025,5.6355,5.69075,5.746,5.80125,5.8565,5.91175,5.967,6.02225,6.0775,6.13275,6.188,6.24325,6.2985,6.35375,6.409,6.46425,6.5195,6.57475,6.63,6.68525,6.7405,6.79575,6.851,6.90625,6.9615,7.01675,7.072,7.12725,7.1825,7.23775,7.293,7.34825,7.4035,7.45875,7.514,7.56925,7.6245,7.67975,7.735,7.79025,7.8455,7.90075,7.956,8.01125,8.0665,8.12175,8.177,8.23225,8.2875,8.34275,8.398,8.45325,8.5085,8.56375,8.619,8.67425,8.7295,8.78475,8.84
1750,0,0,0,0,0,0,0,0,0,0,0,0,0,0,0,0,0,0,0,0,0,0,0,0,0,0,0,0,0,0,2.331875,2.38875,2.445625,2.5025,2.559375,2.61625,2.673125,2.73,2.786875,2.84375,2.900625,2.9575,3.014375,3.07125,3.128125,3.185,3.241875,3.29875,3.355625,3.4125,3.469375,3.52625,3.583125,3.64,3.696875,3.75375,3.810625,3.8675,3.924375,3.98125,4.038125,4.095,4.151875,4.20875,4.265625,4.3225,4.379375,4.43625,4.493125,4.55,4.606875,4.66375,4.720625,4.7775,4.834375,4.89125,4.948125,5.005,5.061875,5.11875,5.175625,5.2325,5.289375,5.34625,5.403125,5.46,5.516875,5.57375,5.630625,5.6875,5.744375,5.80125,5.858125,5.915,5.971875,6.02875,6.085625,6.1425,6.199375,6.25625,6.313125,6.37,6.426875,6.48375,6.540625,6.5975,6.654375,6.71125,6.768125,6.825,6.881875,6.93875,6.995625,7.0525,7.109375,7.16625,7.223125,7.28,7.336875,7.39375,7.450625,7.5075,7.564375,7.62125,7.678125,7.735,7.791875,7.84875,7.905625,7.9625,8.019375,8.07625,8.133125,8.19,8.246875,8.30375,8.360625,8.4175,8.474375,8.53125,8.588125,8.645,8.701875,8.75875,8.815625,8.8725,8.929375,8.98625,9.043125,9.1
1800,0,0,0,0,0,0,0,0,0,0,0,0,0,0,0,0,0,0,0,0,0,0,0,0,0,0,0,0,0,2.34,2.3985,2.457,2.5155,2.574,2.6325,2.691,2.7495,2.808,2.8665,2.925,2.9835,3.042,3.1005,3.159,3.2175,3.276,3.3345,3.393,3.4515,3.51,3.5685,3.627,3.6855,3.744,3.8025,3.861,3.9195,3.978,4.0365,4.095,4.1535,4.212,4.2705,4.329,4.3875,4.446,4.5045,4.563,4.6215,4.68,4.7385,4.797,4.8555,4.914,4.9725,5.031,5.0895,5.148,5.2065,5.265,5.3235,5.382,5.4405,5.499,5.5575,5.616,5.6745,5.733,5.7915,5.85,5.9085,5.967,6.0255,6.084,6.1425,6.201,6.2595,6.318,6.3765,6.435,6.4935,6.552,6.6105,6.669,6.7275,6.786,6.8445,6.903,6.9615,7.02,7.0785,7.137,7.1955,7.254,7.3125,7.371,7.4295,7.488,7.5465,7.605,7.6635,7.722,7.7805,7.839,7.8975,7.956,8.0145,8.073,8.1315,8.19,8.2485,8.307,8.3655,8.424,8.4825,8.541,8.5995,8.658,8.7165,8.775,8.8335,8.892,8.9505,9.009,9.0675,9.126,9.1845,9.243,9.3015,9.36
1850,0,0,0,0,0,0,0,0,0,0,0,0,0,0,0,0,0,0,0,0,0,0,0,0,0,0,0,0,2.344875,2.405,2.465125,2.52525,2.585375,2.6455,2.705625,2.76575,2.825875,2.886,2.946125,3.00625,3.066375,3.1265,3.186625,3.24675,3.306875,3.367,3.427125,3.48725,3.547375,3.6075,3.667625,3.72775,3.787875,3.848,3.908125,3.96825,4.028375,4.0885,4.148625,4.20875,4.268875,4.329,4.389125,4.44925,4.509375,4.5695,4.629625,4.68975,4.749875,4.81,4.870125,4.93025,4.990375,5.0505,5.110625,5.17075,5.230875,5.291,5.351125,5.41125,5.471375,5.5315,5.591625,5.65175,5.711875,5.772,5.832125,5.89225,5.952375,6.0125,6.072625,6.13275,6.192875,6.253,6.313125,6.37325,6.433375,6.4935,6.553625,6.61375,6.673875,6.734,6.794125,6.85425,6.914375,6.9745,7.034625,7.09475,7.154875,7.215,7.275125,7.33525,7.395375,7.4555,7.515625,7.57575,7.635875,7.696,7.756125,7.81625,7.876375,7.9365,7.996625,8.05675,8.116875,8.177,8.237125,8.29725,8.357375,8.4175,8.477625,8.53775,8.597875,8.658,8.718125,8.77825,8.838375,8.8985,8.958625,9.01875,9.078875,9.139,9.199125,9.25925,9.319375,9.3795,9.439625,9.49975,9.559875,9.62
1900,0,0,0,0,0,0,0,0,0,0,0,0,0,0,0,0,0,0,0,0,0,0,0,0,0,0,0,2.3465,2.40825,2.47,2.53175,2.5935,2.65525,2.717,2.77875,2.8405,2.90225,2.964,3.02575,3.0875,3.14925,3.211,3.27275,3.3345,3.39625,3.458,3.51975,3.5815,3.64325,3.705,3.76675,3.8285,3.89025,3.952,4.01375,4.0755,4.13725,4.199,4.26075,4.3225,4.38425,4.446,4.50775,4.5695,4.63125,4.693,4.75475,4.8165,4.87825,4.94,5.00175,5.0635,5.12525,5.187,5.24875,5.3105,5.37225,5.434,5.49575,5.5575,5.61925,5.681,5.74275,5.8045,5.86625,5.928,5.98975,6.0515,6.11325,6.175,6.23675,6.2985,6.36025,6.422,6.48375,6.5455,6.60725,6.669,6.73075,6.7925,6.85425,6.916,6.97775,7.0395,7.10125,7.163,7.22475,7.2865,7.34825,7.41,7.47175,7.5335,7.59525,7.657,7.71875,7.7805,7.84225,7.904,7.96575,8.0275,8.08925,8.151,8.21275,8.2745,8.33625,8.398,8.45975,8.5215,8.58325,8.645,8.70675,8.7685,8.83025,8.892,8.95375,9.0155,9.07725,9.139,9.20075,9.2625,9.32425,9.386,9.44775,9.5095,9.57125,9.633,9.69475,9.7565,9.81825,9.88
1950,0,0,0,0,0,0,0,0,0,0,0,0,0,0,0,0,0,0,0,0,0,0,0,0,0,0,0,2.40825,2.471625,2.535,2.598375,2.66175,2.725125,2.7885,2.851875,2.91525,2.978625,3.042,3.105375,3.16875,3.232125,3.2955,3.358875,3.42225,3.485625,3.549,3.612375,3.67575,3.739125,3.8025,3.865875,3.92925,3.992625,4.056,4.119375,4.18275,4.246125,4.3095,4.372875,4.43625,4.499625,4.563,4.626375,4.68975,4.753125,4.8165,4.879875,4.94325,5.006625,5.07,5.133375,5.19675,5.260125,5.3235,5.386875,5.45025,5.513625,5.577,5.640375,5.70375,5.767125,5.8305,5.893875,5.95725,6.020625,6.084,6.147375,6.21075,6.274125,6.3375,6.400875,6.46425,6.527625,6.591,6.654375,6.71775,6.781125,6.8445,6.907875,6.97125,7.034625,7.098,7.161375,7.22475,7.288125,7.3515,7.414875,7.47825,7.541625,7.605,7.668375,7.73175,7.795125,7.8585,7.921875,7.98525,8.048625,8.112,8.175375,8.23875,8.302125,8.3655,8.428875,8.49225,8.555625,8.619,8.682375,8.74575,8.809125,8.8725,8.935875,8.99925,9.062625,9.126,9.189375,9.25275,9.316125,9.3795,9.442875,9.50625,9.569625,9.633,9.696375,9.75975,9.823125,9.8865,9.949875,10.01325,10.076625,10.14
2000,0,0,0,0,0,0,0,0,0,0,0,0,0,0,0,0,0,0,0,0,0,0,0,0,0,0,2.405,2.47,2.535,2.6,2.665,2.73,2.795,2.86,2.925,2.99,3.055,3.12,3.185,3.25,3.315,3.38,3.445,3.51,3.575,3.64,3.705,3.77,3.835,3.9,3.965,4.03,4.095,4.16,4.225,4.29,4.355,4.42,4.485,4.55,4.615,4.68,4.745,4.81,4.875,4.94,5.005,5.07,5.135,5.2,5.265,5.33,5.395,5.46,5.525,5.59,5.655,5.72,5.785,5.85,5.915,5.98,6.045,6.11,6.175,6.24,6.305,6.37,6.435,6.5,6.565,6.63,6.695,6.76,6.825,6.89,6.955,7.02,7.085,7.15,7.215,7.28,7.345,7.41,7.475,7.54,7.605,7.67,7.735,7.8,7.865,7.93,7.995,8.06,8.125,8.19,8.255,8.32,8.385,8.45,8.515,8.58,8.645,8.71,8.775,8.84,8.905,8.97,9.035,9.1,9.165,9.23,9.295,9.36,9.425,9.49,9.555,9.62,9.685,9.75,9.815,9.88,9.945,10.01,10.075,10.14,10.205,10.27,10.335,10.4
2050,0,0,0,0,0,0,0,0,0,0,0,0,0,0,0,0,0,0,0,0,0,0,0,0,0,2.3985,2.465125,2.53175,2.598375,2.665,2.731625,2.79825,2.864875,2.9315,2.998125,3.06475,3.131375,3.198,3.264625,3.33125,3.397875,3.4645,3.531125,3.59775,3.664375,3.731,3.797625,3.86425,3.930875,3.9975,4.064125,4.13075,4.197375,4.264,4.330625,4.39725,4.463875,4.5305,4.597125,4.66375,4.730375,4.797,4.863625,4.93025,4.996875,5.0635,5.130125,5.19675,5.263375,5.33,5.396625,5.46325,5.529875,5.5965,5.663125,5.72975,5.796375,5.863,5.929625,5.99625,6.062875,6.1295,6.196125,6.26275,6.329375,6.396,6.462625,6.52925,6.595875,6.6625,6.729125,6.79575,6.862375,6.929,6.995625,7.06225,7.128875,7.1955,7.262125,7.32875,7.395375,7.462,7.528625,7.59525,7.661875,7.7285,7.795125,7.86175,7.928375,7.995,8.061625,8.12825,8.194875,8.2615,8.328125,8.39475,8.461375,8.528,8.594625,8.66125,8.727875,8.7945,8.861125,8.92775,8.994375,9.061,9.127625,9.19425,9.260875,9.3275,9.394125,9.46075,9.527375,9.594,9.660625,9.72725,9.793875,9.8605,9.927125,9.99375,10.060375,10.127,10.193625,10.26025,10.326875,10.3935,10.460125,10.52675,10.593375,10.66
2100,0,0,0,0,0,0,0,0,0,0,0,0,0,0,0,0,0,0,0,0,0,0,0,0,2.38875,2.457,2.52525,2.5935,2.66175,2.73,2.79825,2.8665,2.93475,3.003,3.07125,3.1395,3.20775,3.276,3.34425,3.4125,3.48075,3.549,3.61725,3.6855,3.75375,3.822,3.89025,3.9585,4.02675,4.095,4.16325,4.2315,4.29975,4.368,4.43625,4.5045,4.57275,4.641,4.70925,4.7775,4.84575,4.914,4.98225,5.0505,5.11875,5.187,5.25525,5.3235,5.39175,5.46,5.52825,5.5965,5.66475,5.733,5.80125,5.8695,5.93775,6.006,6.07425,6.1425,6.21075,6.279,6.34725,6.4155,6.48375,6.552,6.62025,6.6885,6.75675,6.825,6.89325,6.9615,7.02975,7.098,7.16625,7.2345,7.30275,7.371,7.43925,7.5075,7.57575,7.644,7.71225,7.7805,7.84875,7.917,7.98525,8.0535,8.12175,8.19,8.25825,8.3265,8.39475,8.463,8.53125,8.5995,8.66775,8.736,8.80425,8.8725,8.94075,9.009,9.07725,9.1455,9.21375,9.282,9.35025,9.4185,9.48675,9.555,9.62325,9.6915,9.75975,9.828,9.89625,9.9645,10.03275,10.101,10.16925,10.2375,10.30575,10.374,10.44225,10.5105,10.57875,10.647,10.71525,10.7835,10.85175,10.92
2150,0,0,0,0,0,0,0,0,0,0,0,0,0,0,0,0,0,0,0,0,0,0,0,0,2.445625,2.5155,2.585375,2.65525,2.725125,2.795,2.864875,2.93475,3.004625,3.0745,3.144375,3.21425,3.284125,3.354,3.423875,3.49375,3.563625,3.6335,3.703375,3.77325,3.843125,3.913,3.982875,4.05275,4.122625,4.1925,4.262375,4.33225,4.402125,4.472,4.541875,4.61175,4.681625,4.7515,4.821375,4.89125,4.961125,5.031,5.100875,5.17075,5.240625,5.3105,5.380375,5.45025,5.520125,5.59,5.659875,5.72975,5.799625,5.8695,5.939375,6.00925,6.079125,6.149,6.218875,6.28875,6.358625,6.4285,6.498375,6.56825,6.638125,6.708,6.777875,6.84775,6.917625,6.9875,7.057375,7.12725,7.197125,7.267,7.336875,7.40675,7.476625,7.5465,7.616375,7.68625,7.756125,7.826,7.895875,7.96575,8.035625,8.1055,8.175375,8.24525,8.315125,8.385,8.454875,8.52475,8.594625,8.6645,8.734375,8.80425,8.874125,8.944,9.013875,9.08375,9.153625,9.2235,9.293375,9.36325,9.433125,9.503,9.572875,9.64275,9.712625,9.7825,9.852375,9.92225,9.992125,10.062,10.131875,10.20175,10.271625,10.3415,10.411375,10.48125,10.551125,10.621,10.690875,10.76075,10.830625,10.9005,10.970375,11.04025,11.110125,11.18
2200,0,0,0,0,0,0,0,0,0,0,0,0,0,0,0,0,0,0,0,0,0,0,0,2.431,2.5025,2.574,2.6455,2.717,2.7885,2.86,2.9315,3.003,3.0745,3.146,3.2175,3.289,3.3605,3.432,3.5035,3.575,3.6465,3.718,3.7895,3.861,3.9325,4.004,4.0755,4.147,4.2185,4.29,4.3615,4.433,4.5045,4.576,4.6475,4.719,4.7905,4.862,4.9335,5.005,5.0765,5.148,5.2195,5.291,5.3625,5.434,5.5055,5.577,5.6485,5.72,5.7915,5.863,5.9345,6.006,6.0775,6.149,6.2205,6.292,6.3635,6.435,6.5065,6.578,6.6495,6.721,6.7925,6.864,6.9355,7.007,7.0785,7.15,7.2215,7.293,7.3645,7.436,7.5075,7.579,7.6505,7.722,7.7935,7.865,7.9365,8.008,8.0795,8.151,8.2225,8.294,8.3655,8.437,8.5085,8.58,8.6515,8.723,8.7945,8.866,8.9375,9.009,9.0805,9.152,9.2235,9.295,9.3665,9.438,9.5095,9.581,9.6525,9.724,9.7955,9.867,9.9385,10.01,10.0815,10.153,10.2245,10.296,10.3675,10.439,10.5105,10.582,10.6535,10.725,10.7965,10.868,10.9395,11.011,11.0825,11.154,11.2255,11.297,11.3685,11.44
2250,0,0,0,0,0,0,0,0,0,0,0,0,0,0,0,0,0,0,0,0,0,0,2.413125,2.48625,2.559375,2.6325,2.705625,2.77875,2.851875,2.925,2.998125,3.07125,3.144375,3.2175,3.290625,3.36375,3.436875,3.51,3.583125,3.65625,3.729375,3.8025,3.875625,3.94875,4.021875,4.095,4.168125,4.24125,4.314375,4.3875,4.460625,4.53375,4.606875,4.68,4.753125,4.82625,4.899375,4.9725,5.045625,5.11875,5.191875,5.265,5.338125,5.41125,5.484375,5.5575,5.630625,5.70375,5.776875,5.85,5.923125,5.99625,6.069375,6.1425,6.215625,6.28875,6.361875,6.435,6.508125,6.58125,6.654375,6.7275,6.800625,6.87375,6.946875,7.02,7.093125,7.16625,7.239375,7.3125,7.385625,7.45875,7.531875,7.605,7.678125,7.75125,7.824375,7.8975,7.970625,8.04375,8.116875,8.19,8.263125,8.33625,8.409375,8.4825,8.555625,8.62875,8.701875,8.775,8.848125,8.92125,8.994375,9.0675,9.140625,9.21375,9.286875,9.36,9.433125,9.50625,9.579375,9.6525,9.725625,9.79875,9.871875,9.945,10.018125,10.09125,10.164375,10.2375,10.310625,10.38375,10.456875,10.53,10.603125,10.67625,10.749375,10.8225,10.895625,10.96875,11.041875,11.115,11.188125,11.26125,11.334375,11.4075,11.480625,11.55375,11.626875,11.7
2300,0,0,0,0,0,0,0,0,0,0,0,0,0,0,0,0,0,0,0,0,0,0,2.46675,2.5415,2.61625,2.691,2.76575,2.8405,2.91525,2.99,3.06475,3.1395,3.21425,3.289,3.36375,3.4385,3.51325,3.588,3.66275,3.7375,3.81225,3.887,3.96175,4.0365,4.11125,4.186,4.26075,4.3355,4.41025,4.485,4.55975,4.6345,4.70925,4.784,4.85875,4.9335,5.00825,5.083,5.15775,5.2325,5.30725,5.382,5.45675,5.5315,5.60625,5.681,5.75575,5.8305,5.90525,5.98,6.05475,6.1295,6.20425,6.279,6.35375,6.4285,6.50325,6.578,6.65275,6.7275,6.80225,6.877,6.95175,7.0265,7.10125,7.176,7.25075,7.3255,7.40025,7.475,7.54975,7.6245,7.69925,7.774,7.84875,7.9235,7.99825,8.073,8.14775,8.2225,8.29725,8.372,8.44675,8.5215,8.59625,8.671,8.74575,8.8205,8.89525,8.97,9.04475,9.1195,9.19425,9.269,9.34375,9.4185,9.49325,9.568,9.64275,9.7175,9.79225,9.867,9.94175,10.0165,10.09125,10.166,10.24075,10.3155,10.39025,10.465,10.53975,10.6145,10.68925,10.764,10.83875,10.9135,10.98825,11.063,11.13775,11.2125,11.28725,11.362,11.43675,11.5115,11.58625,11.661,11.73575,11.8105,11.88525,11.96
2350,0,0,0,0,0,0,0,0,0,0,0,0,0,0,0,0,0,0,0,0,0,2.444,2.520375,2.59675,2.673125,2.7495,2.825875,2.90225,2.978625,3.055,3.131375,3.20775,3.284125,3.3605,3.436875,3.51325,3.589625,3.666,3.742375,3.81875,3.895125,3.9715,4.047875,4.12425,4.200625,4.277,4.353375,4.42975,4.506125,4.5825,4.658875,4.73525,4.811625,4.888,4.964375,5.04075,5.117125,5.1935,5.269875,5.34625,5.422625,5.499,5.575375,5.65175,5.728125,5.8045,5.880875,5.95725,6.033625,6.11,6.186375,6.26275,6.339125,6.4155,6.491875,6.56825,6.644625,6.721,6.797375,6.87375,6.950125,7.0265,7.102875,7.17925,7.255625,7.332,7.408375,7.48475,7.561125,7.6375,7.713875,7.79025,7.866625,7.943,8.019375,8.09575,8.172125,8.2485,8.324875,8.40125,8.477625,8.554,8.630375,8.70675,8.783125,8.8595,8.935875,9.01225,9.088625,9.165,9.241375,9.31775,9.394125,9.4705,9.546875,9.62325,9.699625,9.776,9.852375,9.92875,10.005125,10.0815,10.157875,10.23425,10.310625,10.387,10.463375,10.53975,10.616125,10.6925,10.768875,10.84525,10.921625,10.998,11.074375,11.15075,11.227125,11.3035,11.379875,11.45625,11.532625,11.609,11.685375,11.76175,11.838125,11.9145,11.990875,12.06725,12.143625,12.22
2400,0,0,0,0,0,0,0,0,0,0,0,0,0,0,0,0,0,0,0,0,2.418,2.496,2.574,2.652,2.73,2.808,2.886,2.964,3.042,3.12,3.198,3.276,3.354,3.432,3.51,3.588,3.666,3.744,3.822,3.9,3.978,4.056,4.134,4.212,4.29,4.368,4.446,4.524,4.602,4.68,4.758,4.836,4.914,4.992,5.07,5.148,5.226,5.304,5.382,5.46,5.538,5.616,5.694,5.772,5.85,5.928,6.006,6.084,6.162,6.24,6.318,6.396,6.474,6.552,6.63,6.708,6.786,6.864,6.942,7.02,7.098,7.176,7.254,7.332,7.41,7.488,7.566,7.644,7.722,7.8,7.878,7.956,8.034,8.112,8.19,8.268,8.346,8.424,8.502,8.58,8.658,8.736,8.814,8.892,8.97,9.048,9.126,9.204,9.282,9.36,9.438,9.516,9.594,9.672,9.75,9.828,9.906,9.984,10.062,10.14,10.218,10.296,10.374,10.452,10.53,10.608,10.686,10.764,10.842,10.92,10.998,11.076,11.154,11.232,11.31,11.388,11.466,11.544,11.622,11.7,11.778,11.856,11.934,12.012,12.09,12.168,12.246,12.324,12.402,12.48
2450,0,0,0,0,0,0,0,0,0,0,0,0,0,0,0,0,0,0,0,0,2.468375,2.548,2.627625,2.70725,2.786875,2.8665,2.946125,3.02575,3.105375,3.185,3.264625,3.34425,3.423875,3.5035,3.583125,3.66275,3.742375,3.822,3.901625,3.98125,4.060875,4.1405,4.220125,4.29975,4.379375,4.459,4.538625,4.61825,4.697875,4.7775,4.857125,4.93675,5.016375,5.096,5.175625,5.25525,5.334875,5.4145,5.494125,5.57375,5.653375,5.733,5.812625,5.89225,5.971875,6.0515,6.131125,6.21075,6.290375,6.37,6.449625,6.52925,6.608875,6.6885,6.768125,6.84775,6.927375,7.007,7.086625,7.16625,7.245875,7.3255,7.405125,7.48475,7.564375,7.644,7.723625,7.80325,7.882875,7.9625,8.042125,8.12175,8.201375,8.281,8.360625,8.44025,8.519875,8.5995,8.679125,8.75875,8.838375,8.918,8.997625,9.07725,9.156875,9.2365,9.316125,9.39575,9.475375,9.555,9.634625,9.71425,9.793875,9.8735,9.953125,10.03275,10.112375,10.192,10.271625,10.35125,10.430875,10.5105,10.590125,10.66975,10.749375,10.829,10.908625,10.98825,11.067875,11.1475,11.227125,11.30675,11.386375,11.466,11.545625,11.62525,11.704875,11.7845,11.864125,11.94375,12.023375,12.103,12.182625,12.26225,12.341875,12.4215,12.501125,12.58075,12.660375,12.74
2500,0,0,0,0,0,0,0,0,0,0,0,0,0,0,0,0,0,0,0,2.4375,2.51875,2.6,2.68125,2.7625,2.84375,2.925,3.00625,3.0875,3.16875,3.25,3.33125,3.4125,3.49375,3.575,3.65625,3.7375,3.81875,3.9,3.98125,4.0625,4.14375,4.225,4.30625,4.3875,4.46875,4.55,4.63125,4.7125,4.79375,4.875,4.95625,5.0375,5.11875,5.2,5.28125,5.3625,5.44375,5.525,5.60625,5.6875,5.76875,5.85,5.93125,6.0125,6.09375,6.175,6.25625,6.3375,6.41875,6.5,6.58125,6.6625,6.74375,6.825,6.90625,6.9875,7.06875,7.15,7.23125,7.3125,7.39375,7.475,7.55625,7.6375,7.71875,7.8,7.88125,7.9625,8.04375,8.125,8.20625,8.2875,8.36875,8.45,8.53125,8.6125,8.69375,8.775,8.85625,8.9375,9.01875,9.1,9.18125,9.2625,9.34375,9.425,9.50625,9.5875,9.66875,9.75,9.83125,9.9125,9.99375,10.075,10.15625,10.2375,10.31875,10.4,10.48125,10.5625,10.64375,10.725,10.80625,10.8875,10.96875,11.05,11.13125,11.2125,11.29375,11.375,11.45625,11.5375,11.61875,11.7,11.78125,11.8625,11.94375,12.025,12.10625,12.1875,12.26875,12.35,12.43125,12.5125,12.59375,12.675,12.75625,12.8375,12.91875,13
2550,0,0,0,0,0,0,0,0,0,0,0,0,0,0,0,0,0,0,0,2.48625,2.569125,2.652,2.734875,2.81775,2.900625,2.9835,3.066375,3.14925,3.232125,3.315,3.397875,3.48075,3.563625,3.6465,3.729375,3.81225,3.895125,3.978,4.060875,4.14375,4.226625,4.3095,4.392375,4.47525,4.558125,4.641,4.723875,4.80675,4.889625,4.9725,5.055375,5.13825,5.221125,5.304,5.386875,5.46975,5.552625,5.6355,5.718375,5.80125,5.884125,5.967,6.049875,6.13275,6.215625,6.2985,6.381375,6.46425,6.547125,6.63,6.712875,6.79575,6.878625,6.9615,7.044375,7.12725,7.210125,7.293,7.375875,7.45875,7.541625,7.6245,7.707375,7.79025,7.873125,7.956,8.038875,8.12175,8.204625,8.2875,8.370375,8.45325,8.536125,8.619,8.701875,8.78475,8.867625,8.9505,9.033375,9.11625,9.199125,9.282,9.364875,9.44775,9.530625,9.6135,9.696375,9.77925,9.862125,9.945,10.027875,10.11075,10.193625,10.2765,10.359375,10.44225,10.525125,10.608,10.690875,10.77375,10.856625,10.9395,11.022375,11.10525,11.188125,11.271,11.353875,11.43675,11.519625,11.6025,11.685375,11.76825,11.851125,11.934,12.016875,12.09975,12.182625,12.2655,12.348375,12.43125,12.514125,12.597,12.679875,12.76275,12.845625,12.9285,13.011375,13.09425,13.177125,13.26
2600,0,0,0,0,0,0,0,0,0,0,0,0,0,0,0,0,0,0,2.4505,2.535,2.6195,2.704,2.7885,2.873,2.9575,3.042,3.1265,3.211,3.2955,3.38,3.4645,3.549,3.6335,3.718,3.8025,3.887,3.9715,4.056,4.1405,4.225,4.3095,4.394,4.4785,4.563,4.6475,4.732,4.8165,4.901,4.9855,5.07,5.1545,5.239,5.3235,5.408,5.4925,5.577,5.6615,5.746,5.8305,5.915,5.9995,6.084,6.1685,6.253,6.3375,6.422,6.5065,6.591,6.6755,6.76,6.8445,6.929,7.0135,7.098,7.1825,7.267,7.3515,7.436,7.5205,7.605,7.6895,7.774,7.8585,7.943,8.0275,8.112,8.1965,8.281,8.3655,8.45,8.5345,8.619,8.7035,8.788,8.8725,8.957,9.0415,9.126,9.2105,9.295,9.3795,9.464,9.5485,9.633,9.7175,9.802,9.8865,9.971,10.0555,10.14,10.2245,10.309,10.3935,10.478,10.5625,10.647,10.7315,10.816,10.9005,10.985,11.0695,11.154,11.2385,11.323,11.4075,11.492,11.5765,11.661,11.7455,11.83,11.9145,11.999,12.0835,12.168,12.2525,12.337,12.4215,12.506,12.5905,12.675,12.7595,12.844,12.9285,13.013,13.0975,13.182,13.2665,13.351,13.4355,13.52
2650,0,0,0,0,0,0,0,0,0,0,0,0,0,0,0,0,0,0,2.497625,2.58375,2.669875,2.756,2.842125,2.92825,3.014375,3.1005,3.186625,3.27275,3.358875,3.445,3.531125,3.61725,3.703375,3.7895,3.875625,3.96175,4.047875,4.134,4.220125,4.30625,4.392375,4.4785,4.564625,4.65075,4.736875,4.823,4.909125,4.99525,5.081375,5.1675,5.253625,5.33975,5.425875,5.512,5.598125,5.68425,5.770375,5.8565,5.942625,6.02875,6.114875,6.201,6.287125,6.37325,6.459375,6.5455,6.631625,6.71775,6.803875,6.89,6.976125,7.06225,7.148375,7.2345,7.320625,7.40675,7.492875,7.579,7.665125,7.75125,7.837375,7.9235,8.009625,8.09575,8.181875,8.268,8.354125,8.44025,8.526375,8.6125,8.698625,8.78475,8.870875,8.957,9.043125,9.12925,9.215375,9.3015,9.387625,9.47375,9.559875,9.646,9.732125,9.81825,9.904375,9.9905,10.076625,10.16275,10.248875,10.335,10.421125,10.50725,10.593375,10.6795,10.765625,10.85175,10.937875,11.024,11.110125,11.19625,11.282375,11.3685,11.454625,11.54075,11.626875,11.713,11.799125,11.88525,11.971375,12.0575,12.143625,12.22975,12.315875,12.402,12.488125,12.57425,12.660375,12.7465,12.832625,12.91875,13.004875,13.091,13.177125,13.26325,13.349375,13.4355,13.521625,13.60775,13.693875,13.78
2700,0,0,0,0,0,0,0,0,0,0,0,0,0,0,0,0,0,2.457,2.54475,2.6325,2.72025,2.808,2.89575,2.9835,3.07125,3.159,3.24675,3.3345,3.42225,3.51,3.59775,3.6855,3.77325,3.861,3.94875,4.0365,4.12425,4.212,4.29975,4.3875,4.47525,4.563,4.65075,4.7385,4.82625,4.914,5.00175,5.0895,5.17725,5.265,5.35275,5.4405,5.52825,5.616,5.70375,5.7915,5.87925,5.967,6.05475,6.1425,6.23025,6.318,6.40575,6.4935,6.58125,6.669,6.75675,6.8445,6.93225,7.02,7.10775,7.1955,7.28325,7.371,7.45875,7.5465,7.63425,7.722,7.80975,7.8975,7.98525,8.073,8.16075,8.2485,8.33625,8.424,8.51175,8.5995,8.68725,8.775,8.86275,8.9505,9.03825,9.126,9.21375,9.3015,9.38925,9.477,9.56475,9.6525,9.74025,9.828,9.91575,10.0035,10.09125,10.179,10.26675,10.3545,10.44225,10.53,10.61775,10.7055,10.79325,10.881,10.96875,11.0565,11.14425,11.232,11.31975,11.4075,11.49525,11.583,11.67075,11.7585,11.84625,11.934,12.02175,12.1095,12.19725,12.285,12.37275,12.4605,12.54825,12.636,12.72375,12.8115,12.89925,12.987,13.07475,13.1625,13.25025,13.338,13.42575,13.5135,13.60125,13.689,13.77675,13.8645,13.95225,14.04
